69 1111111
68 1111110
135 11111011
130 11111010
97 1111100
22 111101
65 1111001
67 1111000
231 111011
53 111010
43 11100
32 11011
98 1101011
13 1101010
99 1101001
66 1101000
33 11001
239 110001
131 11000011
128 11000010
64 1100000
42 10111
232 101101
233 101100
211 1010111
117 1010110
234 101010
235 101001
236 101000
100 1001111
192 1001110
246 100110
35 10010
34 10001
63 1000011
213 1000010
212 1000001
209 1000000
41 01111
14 0111011
129 01110101
172 011101001
169 011101000
215 0111001
204 0111000
36 01101
39 01100
52 010111
203 0101101
210 0101100
37 01010
40 01001
38 01000
208 0011111
116 0011110
170 001110111
166 001110110
179 00111010
103 0011100
23 001101
214 0011001
62 0011000
15 0010111
104 0010110
173 001010111
171 001010110
168 001010101
165 001010100
102 0010100
240 001001
101 0010001
115 0010000
105 0001111
216 0001110
107 0001101
175 000110011
164 000110010
127 00011000
61 0001011
193 0001010
106 0001001
207 0001000
221 0000111
108 0000110
24 000010
242 000001
245 000000
51 111111
114 1111101
60 1111100
206 1111011
205 1111010
220 1111001
249 1111000
180 11101111
174 111011101
176 111011100
202 1110110
194 1110101
111 1110100
222 1110011
112 1110010
110 1110001
59 1110000
16 1101111
162 110111011
159 110111010
126 11011100
244 110110
25 110101
217 1101001
225 1101000
241 110011
113 1100101
125 11001001
184 11001000
109 1100011
218 1100010
4 11000011
6 11000010
182 11000001
163 110000001
160 110000000
224 1011111
183 10111101
5 10111100
50 101110
219 1011011
7 10110101
124 10110100
17 1011001
223 1011000
226 1010111
201 1010110
26 101010
123 10100111
181 10100110
161 101001011
157 101001010
155 101001001
145 101001000
243 101000
151 100111111
154 100111110
8 10011110
1 1001110
185 10011011
148 100110101
177 100110100
227 1001100
199 1001011
58 1001010
156 100100111
147 100100110
122 10010010
196 1001000
49 100011
250 1000101
144 100010011
146 100010010
140 100010001
150 100010000
27 100001
195 1000001
197 1000000
153 011111111
141 011111110
158 011111101
152 011111100
228 0111110
0 0111101
3 01111001
253 01111000
48 011101
142 011100111
255 0111001101
167 0111001100
186 01110010
18 0111000
198 0110111
57 0110110
254 01101011
121 01101010
200 0110100
28 011001
149 011000111
143 011000110
9 01100010
19 0110000
47 010111
138 010110111
178 010110110
187 01011010
76 01011001
120 01011000
248 0101011
139 010101011
137 010101010
87 01010100
56 0101001
75 01010001
77 01010000
251 0100111
74 01001101
89 01001100
188 01001011
91 01001010
20 0100100
73 01000111
119 01000110
78 01000101
72 01000100
46 010000
29 001111
55 0011101
88 00111001
90 00111000
71 00110111
10 00110110
229 0011010
85 00110011
93 00110010
80 00110001
92 00110000
247 0010111
79 00101101
2 00101100
30 001010
86 00100111
190 00100110
54 0010010
45 001000
230 0001111
81 00011101
11 00011100
82 00011011
134 000110101
136 000110100
238 0001100
95 00010111
94 00010110
21 0001010
70 00010011
84 00010010
83 00010001
118 00010000
96 00001111
133 000011101
132 000011100
12 00001101
252 00001100
31 000010
44 000001
189 00000011
191 00000010
237 0000000
